net 1a8c0 mask ffffff
timestamp: 859047
float val: 964.104187 1123.176147 883.794678 0.000000 0.000000 0.000000 816.369263 1112.507935 719.316223 0.000000 0.000000 0.000000 -36973140302885665537819410432.000000 -36973140302885665537819410432.000000 -36973140302885665537819410432.000000 0.000000 0.000000 0.000000 
timestamp: 859048
float val: 964.098938 1123.178833 883.794006 0.000000 0.000000 0.000000 816.371216 1112.519897 719.311951 0.000000 0.000000 0.000000 -36973140302885665537819410432.000000 -36973140302885665537819410432.000000 -36973140302885665537819410432.000000 0.000000 0.000000 0.000000 
timestamp: 859049
float val: 964.093750 1123.210205 883.792908 0.000000 0.000000 0.000000 816.366821 1112.537476 719.313538 0.000000 0.000000 0.000000 -36973140302885665537819410432.000000 -36973140302885665537819410432.000000 -36973140302885665537819410432.000000 0.000000 0.000000 0.000000 
timestamp: 859050
float val: 964.092468 1123.226685 883.796204 0.000000 0.000000 0.000000 816.372314 1112.547729 719.314575 0.000000 0.000000 0.000000 -36973140302885665537819410432.000000 -36973140302885665537819410432.000000 -36973140302885665537819410432.000000 0.000000 0.000000 0.000000 
timestamp: 859051
float val: 964.083191 1123.229980 883.789185 0.000000 0.000000 0.000000 816.372192 1112.555542 719.318054 0.000000 0.000000 0.000000 -36973140302885665537819410432.000000 -36973140302885665537819410432.000000 -36973140302885665537819410432.000000 0.000000 0.000000 0.000000 
timestamp: 859052
float val: 964.092041 1123.225464 883.794373 0.000000 0.000000 0.000000 816.364136 1112.557251 719.318298 0.000000 0.000000 0.000000 -36973140302885665537819410432.000000 -36973140302885665537819410432.000000 -36973140302885665537819410432.000000 0.000000 0.000000 0.000000 
timestamp: 859053
float val: 964.104797 1123.212280 883.791443 0.000000 0.000000 0.000000 816.374512 1112.542969 719.315796 0.000000 0.000000 0.000000 -36973140302885665537819410432.000000 -36973140302885665537819410432.000000 -36973140302885665537819410432.000000 0.000000 0.000000 0.000000 
timestamp: 859054
float val: 964.096069 1123.200439 883.786865 0.000000 0.000000 0.000000 816.371765 1112.529663 719.314148 0.000000 0.000000 0.000000 -36973140302885665537819410432.000000 -36973140302885665537819410432.000000 -36973140302885665537819410432.000000 0.000000 0.000000 0.000000 
timestamp: 859055
float val: 964.087830 1123.182007 883.797180 0.000000 0.000000 0.000000 816.361328 1112.520874 719.310913 0.000000 0.000000 0.000000 -36973140302885665537819410432.000000 -36973140302885665537819410432.000000 -36973140302885665537819410432.000000 0.000000 0.000000 0.000000 
timestamp: 859056
float val: 964.099792 1123.175659 883.793518 0.000000 0.000000 0.000000 816.367126 1112.511841 719.318176 0.000000 0.000000 0.000000 -36973140302885665537819410432.000000 -36973140302885665537819410432.000000 -36973140302885665537819410432.000000 0.000000 0.000000 0.000000 
timestamp: 859057
float val: 964.093750 1123.174927 883.792969 0.000000 0.000000 0.000000 816.366821 1112.516846 719.318420 0.000000 0.000000 0.000000 -36973140302885665537819410432.000000 -36973140302885665537819410432.000000 -36973140302885665537819410432.000000 0.000000 0.000000 0.000000 
timestamp: 859058
float val: 964.094604 1123.200439 883.789307 0.000000 0.000000 0.000000 816.363953 1112.532104 719.312195 0.000000 0.000000 0.000000 -36973140302885665537819410432.000000 -36973140302885665537819410432.000000 -36973140302885665537819410432.000000 0.000000 0.000000 0.000000 
timestamp: 859059
float val: 964.093811 1123.213623 883.793091 0.000000 0.000000 0.000000 816.363831 1112.545288 719.315796 0.000000 0.000000 0.000000 -36973140302885665537819410432.000000 -36973140302885665537819410432.000000 -36973140302885665537819410432.000000 0.000000 0.000000 0.000000 
timestamp: 859060
float val: 964.092346 1123.233765 883.792542 0.000000 0.000000 0.000000 816.361511 1112.562622 719.316833 0.000000 0.000000 0.000000 -36973140302885665537819410432.000000 -36973140302885665537819410432.000000 -36973140302885665537819410432.000000 0.000000 0.000000 0.000000 
timestamp: 859061
float val: 964.098755 1123.242432 883.795959 0.000000 0.000000 0.000000 816.363708 1112.567749 719.319031 0.000000 0.000000 0.000000 -36973140302885665537819410432.000000 -36973140302885665537819410432.000000 -36973140302885665537819410432.000000 0.000000 0.000000 0.000000 
timestamp: 859062
float val: 964.105347 1123.227783 883.790771 0.000000 0.000000 0.000000 816.362732 1112.556763 719.314697 0.000000 0.000000 0.000000 -36973140302885665537819410432.000000 -36973140302885665537819410432.000000 -36973140302885665537819410432.000000 0.000000 0.000000 0.000000 
timestamp: 859063
float val: 964.104431 1123.211792 883.795166 0.000000 0.000000 0.000000 816.358521 1112.545776 719.314392 0.000000 0.000000 0.000000 -36973140302885665537819410432.000000 -36973140302885665537819410432.000000 -36973140302885665537819410432.000000 0.000000 0.000000 0.000000 
timestamp: 859064
float val: 964.097046 1123.191040 883.793823 0.000000 0.000000 0.000000 816.358459 1112.528687 719.312500 0.000000 0.000000 0.000000 -36973140302885665537819410432.000000 -36973140302885665537819410432.000000 -36973140302885665537819410432.000000 0.000000 0.000000 0.000000 
timestamp: 859065
float val: 964.104187 1123.182861 883.797913 0.000000 0.000000 0.000000 816.358154 1112.516235 719.316467 0.000000 0.000000 0.000000 -36973140302885665537819410432.000000 -36973140302885665537819410432.000000 -36973140302885665537819410432.000000 0.000000 0.000000 0.000000 
timestamp: 859066
float val: 964.097168 1123.183716 883.793213 0.000000 0.000000 0.000000 816.355774 1112.518433 719.312683 0.000000 0.000000 0.000000 -36973140302885665537819410432.000000 -36973140302885665537819410432.000000 -36973140302885665537819410432.000000 0.000000 0.000000 0.000000 
timestamp: 859067
float val: 964.106812 1123.185791 883.799011 0.000000 0.000000 0.000000 816.363464 1112.525635 719.317993 0.000000 0.000000 0.000000 -36973140302885665537819410432.000000 -36973140302885665537819410432.000000 -36973140302885665537819410432.000000 0.000000 0.000000 0.000000 
timestamp: 859068
float val: 964.095459 1123.203979 883.805969 0.000000 0.000000 0.000000 816.356995 1112.541260 719.321411 0.000000 0.000000 0.000000 -36973140302885665537819410432.000000 -36973140302885665537819410432.000000 -36973140302885665537819410432.000000 0.000000 0.000000 0.000000 
timestamp: 859069
float val: 964.093872 1123.220337 883.801086 0.000000 0.000000 0.000000 816.352966 1112.556641 719.316345 0.000000 0.000000 0.000000 -36973140302885665537819410432.000000 -36973140302885665537819410432.000000 -36973140302885665537819410432.000000 0.000000 0.000000 0.000000 
timestamp: 859070
float val: 964.094604 1123.234619 883.794189 0.000000 0.000000 0.000000 816.352234 1112.562866 719.314758 0.000000 0.000000 0.000000 -36973140302885665537819410432.000000 -36973140302885665537819410432.000000 -36973140302885665537819410432.000000 0.000000 0.000000 0.000000 
timestamp: 859071
float val: 964.094360 1123.229614 883.797241 0.000000 0.000000 0.000000 816.351746 1112.561401 719.319336 0.000000 0.000000 0.000000 -36973140302885665537819410432.000000 -36973140302885665537819410432.000000 -36973140302885665537819410432.000000 0.000000 0.000000 0.000000 
timestamp: 859072
float val: 964.095337 1123.223877 883.798401 0.000000 0.000000 0.000000 816.351440 1112.553833 719.318359 0.000000 0.000000 0.000000 -36973140302885665537819410432.000000 -36973140302885665537819410432.000000 -36973140302885665537819410432.000000 0.000000 0.000000 0.000000 
timestamp: 859073
float val: 964.099792 1123.198486 883.797729 0.000000 0.000000 0.000000 816.350037 1112.541382 719.318665 0.000000 0.000000 0.000000 -36973140302885665537819410432.000000 -36973140302885665537819410432.000000 -36973140302885665537819410432.000000 0.000000 0.000000 0.000000 
timestamp: 859074
float val: 964.103271 1123.191406 883.792725 0.000000 0.000000 0.000000 816.356689 1112.533203 719.317444 0.000000 0.000000 0.000000 -36973140302885665537819410432.000000 -36973140302885665537819410432.000000 -36973140302885665537819410432.000000 0.000000 0.000000 0.000000 
timestamp: 859075
float val: 964.098267 1123.180176 883.798889 0.000000 0.000000 0.000000 816.361084 1112.525879 719.316101 0.000000 0.000000 0.000000 -36973140302885665537819410432.000000 -36973140302885665537819410432.000000 -36973140302885665537819410432.000000 0.000000 0.000000 0.000000 
timestamp: 859076
float val: 964.096008 1123.175781 883.802307 0.000000 0.000000 0.000000 816.356018 1112.523560 719.315125 0.000000 0.000000 0.000000 -36973140302885665537819410432.000000 -36973140302885665537819410432.000000 -36973140302885665537819410432.000000 0.000000 0.000000 0.000000 
timestamp: 859077
float val: 964.094910 1123.173828 883.795654 0.000000 0.000000 0.000000 816.360596 1112.523560 719.318237 0.000000 0.000000 0.000000 -36973140302885665537819410432.000000 -36973140302885665537819410432.000000 -36973140302885665537819410432.000000 0.000000 0.000000 0.000000 
timestamp: 859078
float val: 964.086182 1123.188965 883.798950 0.000000 0.000000 0.000000 816.364441 1112.535034 719.318237 0.000000 0.000000 0.000000 -36973140302885665537819410432.000000 -36973140302885665537819410432.000000 -36973140302885665537819410432.000000 0.000000 0.000000 0.000000 
timestamp: 859079
float val: 964.095581 1123.210571 883.796631 0.000000 0.000000 0.000000 816.357971 1112.556763 719.312073 0.000000 0.000000 0.000000 -36973140302885665537819410432.000000 -36973140302885665537819410432.000000 -36973140302885665537819410432.000000 0.000000 0.000000 0.000000 
timestamp: 859080
float val: 964.098938 1123.227661 883.802612 0.000000 0.000000 0.000000 816.367310 1112.567871 719.321228 0.000000 0.000000 0.000000 -36973140302885665537819410432.000000 -36973140302885665537819410432.000000 -36973140302885665537819410432.000000 0.000000 0.000000 0.000000 
timestamp: 859081
float val: 964.093506 1123.235840 883.801880 0.000000 0.000000 0.000000 816.367126 1112.570435 719.322083 0.000000 0.000000 0.000000 -36973140302885665537819410432.000000 -36973140302885665537819410432.000000 -36973140302885665537819410432.000000 0.000000 0.000000 0.000000 
timestamp: 859082
float val: 964.095276 1123.225830 883.804382 0.000000 0.000000 0.000000 816.362061 1112.566406 719.318237 0.000000 0.000000 0.000000 -36973140302885665537819410432.000000 -36973140302885665537819410432.000000 -36973140302885665537819410432.000000 0.000000 0.000000 0.000000 
timestamp: 859083
float val: 964.103271 1123.194458 883.796814 0.000000 0.000000 0.000000 816.371155 1112.537109 719.317139 0.000000 0.000000 0.000000 -36973140302885665537819410432.000000 -36973140302885665537819410432.000000 -36973140302885665537819410432.000000 0.000000 0.000000 0.000000 
timestamp: 859084
float val: 964.101746 1123.180176 883.804443 0.000000 0.000000 0.000000 816.368164 1112.518677 719.325989 0.000000 0.000000 0.000000 -36973140302885665537819410432.000000 -36973140302885665537819410432.000000 -36973140302885665537819410432.000000 0.000000 0.000000 0.000000 
timestamp: 859085
float val: 964.097107 1123.173828 883.807007 0.000000 0.000000 0.000000 816.369385 1112.517578 719.317810 0.000000 0.000000 0.000000 -36973140302885665537819410432.000000 -36973140302885665537819410432.000000 -36973140302885665537819410432.000000 0.000000 0.000000 0.000000 
timestamp: 859086
float val: 964.099426 1123.179199 883.792603 0.000000 0.000000 0.000000 816.367493 1112.517090 719.318054 0.000000 0.000000 0.000000 -36973140302885665537819410432.000000 -36973140302885665537819410432.000000 -36973140302885665537819410432.000000 0.000000 0.000000 0.000000 
timestamp: 859087
float val: 964.095947 1123.200317 883.796021 0.000000 0.000000 0.000000 816.365051 1112.535889 719.317383 0.000000 0.000000 0.000000 -36973140302885665537819410432.000000 -36973140302885665537819410432.000000 -36973140302885665537819410432.000000 0.000000 0.000000 0.000000 
timestamp: 859088
float val: 964.096313 1123.206787 883.789368 0.000000 0.000000 0.000000 816.369263 1112.549438 719.317627 0.000000 0.000000 0.000000 -36973140302885665537819410432.000000 -36973140302885665537819410432.000000 -36973140302885665537819410432.000000 0.000000 0.000000 0.000000 
timestamp: 859089
float val: 964.100769 1123.229370 883.798828 0.000000 0.000000 0.000000 816.373230 1112.557251 719.320679 0.000000 0.000000 0.000000 -36973140302885665537819410432.000000 -36973140302885665537819410432.000000 -36973140302885665537819410432.000000 0.000000 0.000000 0.000000 
timestamp: 859090
float val: 964.101685 1123.233521 883.794495 0.000000 0.000000 0.000000 816.370911 1112.564209 719.321472 0.000000 0.000000 0.000000 -36973140302885665537819410432.000000 -36973140302885665537819410432.000000 -36973140302885665537819410432.000000 0.000000 0.000000 0.000000 
timestamp: 859091
float val: 964.108765 1123.216309 883.792664 0.000000 0.000000 0.000000 816.370239 1112.554199 719.320923 0.000000 0.000000 0.000000 -36973140302885665537819410432.000000 -36973140302885665537819410432.000000 -36973140302885665537819410432.000000 0.000000 0.000000 0.000000 
timestamp: 859092
float val: 964.102722 1123.202393 883.794373 0.000000 0.000000 0.000000 816.372925 1112.542358 719.323364 0.000000 0.000000 0.000000 -36973140302885665537819410432.000000 -36973140302885665537819410432.000000 -36973140302885665537819410432.000000 0.000000 0.000000 0.000000 
timestamp: 859093
float val: 964.095398 1123.190796 883.800781 0.000000 0.000000 0.000000 816.365051 1112.531006 719.322571 0.000000 0.000000 0.000000 -36973140302885665537819410432.000000 -36973140302885665537819410432.000000 -36973140302885665537819410432.000000 0.000000 0.000000 0.000000 
timestamp: 859094
float val: 964.106873 1123.172119 883.794006 0.000000 0.000000 0.000000 816.375732 1112.517578 719.318909 0.000000 0.000000 0.000000 -36973140302885665537819410432.000000 -36973140302885665537819410432.000000 -36973140302885665537819410432.000000 0.000000 0.000000 0.000000 
timestamp: 859095
float val: 964.104431 1123.176147 883.796204 0.000000 0.000000 0.000000 816.376526 1112.517578 719.318726 0.000000 0.000000 0.000000 -36973140302885665537819410432.000000 -36973140302885665537819410432.000000 -36973140302885665537819410432.000000 0.000000 0.000000 0.000000 
timestamp: 859096
float val: 964.099976 1123.184692 883.798523 0.000000 0.000000 0.000000 816.372803 1112.525635 719.319214 0.000000 0.000000 0.000000 -36973140302885665537819410432.000000 -36973140302885665537819410432.000000 -36973140302885665537819410432.000000 0.000000 0.000000 0.000000 
timestamp: 859097
float val: 964.094604 1123.198608 883.799133 0.000000 0.000000 0.000000 816.369446 1112.531982 719.323608 0.000000 0.000000 0.000000 -36973140302885665537819410432.000000 -36973140302885665537819410432.000000 -36973140302885665537819410432.000000 0.000000 0.000000 0.000000 
timestamp: 859098
float val: 964.102722 1123.211182 883.796936 0.000000 0.000000 0.000000 816.369873 1112.547729 719.324463 0.000000 0.000000 0.000000 -36973140302885665537819410432.000000 -36973140302885665537819410432.000000 -36973140302885665537819410432.000000 0.000000 0.000000 0.000000 
timestamp: 859099
float val: 964.103577 1123.226807 883.792175 0.000000 0.000000 0.000000 816.375854 1112.554321 719.323303 0.000000 0.000000 0.000000 -36973140302885665537819410432.000000 -36973140302885665537819410432.000000 -36973140302885665537819410432.000000 0.000000 0.000000 0.000000 
timestamp: 859100
float val: 964.099915 1123.223022 883.798889 0.000000 0.000000 0.000000 816.369568 1112.553589 719.321655 0.000000 0.000000 0.000000 -36973140302885665537819410432.000000 -36973140302885665537819410432.000000 -36973140302885665537819410432.000000 0.000000 0.000000 0.000000 
timestamp: 859101
float val: 964.093750 1123.221313 883.796387 0.000000 0.000000 0.000000 816.369385 1112.548706 719.323364 0.000000 0.000000 0.000000 -36973140302885665537819410432.000000 -36973140302885665537819410432.000000 -36973140302885665537819410432.000000 0.000000 0.000000 0.000000 
timestamp: 859102
float val: 964.099792 1123.201904 883.792419 0.000000 0.000000 0.000000 816.369141 1112.539307 719.318054 0.000000 0.000000 0.000000 -36973140302885665537819410432.000000 -36973140302885665537819410432.000000 -36973140302885665537819410432.000000 0.000000 0.000000 0.000000 
timestamp: 859103
float val: 964.099304 1123.190308 883.796387 0.000000 0.000000 0.000000 816.369629 1112.528198 719.319702 0.000000 0.000000 0.000000 -36973140302885665537819410432.000000 -36973140302885665537819410432.000000 -36973140302885665537819410432.000000 0.000000 0.000000 0.000000 
timestamp: 859104
float val: 964.097412 1123.186035 883.796814 0.000000 0.000000 0.000000 816.371521 1112.522583 719.319580 0.000000 0.000000 0.000000 -36973140302885665537819410432.000000 -36973140302885665537819410432.000000 -36973140302885665537819410432.000000 0.000000 0.000000 0.000000 
timestamp: 859105
float val: 964.105652 1123.183594 883.790833 0.000000 0.000000 0.000000 816.373047 1112.521240 719.320190 0.000000 0.000000 0.000000 -36973140302885665537819410432.000000 -36973140302885665537819410432.000000 -36973140302885665537819410432.000000 0.000000 0.000000 0.000000 
timestamp: 859106
float val: 964.094666 1123.188232 883.788513 0.000000 0.000000 0.000000 816.370544 1112.530518 719.320007 0.000000 0.000000 0.000000 -36973140302885665537819410432.000000 -36973140302885665537819410432.000000 -36973140302885665537819410432.000000 0.000000 0.000000 0.000000 
timestamp: 859107
float val: 964.102173 1123.198608 883.796631 0.000000 0.000000 0.000000 816.372742 1112.537598 719.318726 0.000000 0.000000 0.000000 -36973140302885665537819410432.000000 -36973140302885665537819410432.000000 -36973140302885665537819410432.000000 0.000000 0.000000 0.000000 
timestamp: 859108
float val: 964.097290 1123.215454 883.790955 0.000000 0.000000 0.000000 816.371460 1112.546265 719.319641 0.000000 0.000000 0.000000 -36973140302885665537819410432.000000 -36973140302885665537819410432.000000 -36973140302885665537819410432.000000 0.000000 0.000000 0.000000 
timestamp: 859109
float val: 964.102112 1123.216553 883.789673 0.000000 0.000000 0.000000 816.373596 1112.555908 719.319275 0.000000 0.000000 0.000000 -36973140302885665537819410432.000000 -36973140302885665537819410432.000000 -36973140302885665537819410432.000000 0.000000 0.000000 0.000000 
timestamp: 859110
float val: 964.099731 1123.218018 883.794617 0.000000 0.000000 0.000000 816.369934 1112.552979 719.320557 0.000000 0.000000 0.000000 -36973140302885665537819410432.000000 -36973140302885665537819410432.000000 -36973140302885665537819410432.000000 0.000000 0.000000 0.000000 
timestamp: 859111
float val: 964.101807 1123.204956 883.796021 0.000000 0.000000 0.000000 816.373779 1112.544434 719.324097 0.000000 0.000000 0.000000 -36973140302885665537819410432.000000 -36973140302885665537819410432.000000 -36973140302885665537819410432.000000 0.000000 0.000000 0.000000 
timestamp: 859112
float val: 964.090637 1123.195801 883.789795 0.000000 0.000000 0.000000 816.370239 1112.532837 719.317932 0.000000 0.000000 0.000000 -36973140302885665537819410432.000000 -36973140302885665537819410432.000000 -36973140302885665537819410432.000000 0.000000 0.000000 0.000000 
timestamp: 859113
float val: 964.097961 1123.182617 883.794434 0.000000 0.000000 0.000000 816.374146 1112.524414 719.320801 0.000000 0.000000 0.000000 -36973140302885665537819410432.000000 -36973140302885665537819410432.000000 -36973140302885665537819410432.000000 0.000000 0.000000 0.000000 
timestamp: 859114
float val: 964.105103 1123.175537 883.786255 0.000000 0.000000 0.000000 816.372559 1112.521729 719.320374 0.000000 0.000000 0.000000 -36973140302885665537819410432.000000 -36973140302885665537819410432.000000 -36973140302885665537819410432.000000 0.000000 0.000000 0.000000 
timestamp: 859115
float val: 964.119141 1123.185669 883.789368 0.000000 0.000000 0.000000 816.376282 1112.523682 719.316895 0.000000 0.000000 0.000000 -36973140302885665537819410432.000000 -36973140302885665537819410432.000000 -36973140302885665537819410432.000000 0.000000 0.000000 0.000000 
timestamp: 859116
float val: 964.103271 1123.188477 883.795227 0.000000 0.000000 0.000000 816.376648 1112.526978 719.317993 0.000000 0.000000 0.000000 -36973140302885665537819410432.000000 -36973140302885665537819410432.000000 -36973140302885665537819410432.000000 0.000000 0.000000 0.000000 
timestamp: 859117
float val: 964.086243 1123.204712 883.795044 0.000000 0.000000 0.000000 816.369385 1112.545288 719.316406 0.000000 0.000000 0.000000 -36973140302885665537819410432.000000 -36973140302885665537819410432.000000 -36973140302885665537819410432.000000 0.000000 0.000000 0.000000 
timestamp: 859118
float val: 964.087036 1123.207153 883.791687 0.000000 0.000000 0.000000 816.370605 1112.549805 719.320068 0.000000 0.000000 0.000000 -36973140302885665537819410432.000000 -36973140302885665537819410432.000000 -36973140302885665537819410432.000000 0.000000 0.000000 0.000000 
timestamp: 859119
float val: 964.091492 1123.216309 883.794922 0.000000 0.000000 0.000000 816.373474 1112.552490 719.319641 0.000000 0.000000 0.000000 -36973140302885665537819410432.000000 -36973140302885665537819410432.000000 -36973140302885665537819410432.000000 0.000000 0.000000 0.000000 
timestamp: 859120
float val: 964.089172 1123.217651 883.799805 0.000000 0.000000 0.000000 816.372986 1112.557617 719.320435 0.000000 0.000000 0.000000 -36973140302885665537819410432.000000 -36973140302885665537819410432.000000 -36973140302885665537819410432.000000 0.000000 0.000000 0.000000 
timestamp: 859121
float val: 964.098389 1123.200439 883.790161 0.000000 0.000000 0.000000 816.374207 1112.543945 719.317200 0.000000 0.000000 0.000000 -36973140302885665537819410432.000000 -36973140302885665537819410432.000000 -36973140302885665537819410432.000000 0.000000 0.000000 0.000000 
timestamp: 859122
float val: 964.096619 1123.181396 883.798889 0.000000 0.000000 0.000000 816.374817 1112.529419 719.320374 0.000000 0.000000 0.000000 -36973140302885665537819410432.000000 -36973140302885665537819410432.000000 -36973140302885665537819410432.000000 0.000000 0.000000 0.000000 
timestamp: 859123
float val: 964.091064 1123.177612 883.794678 0.000000 0.000000 0.000000 816.369995 1112.523193 719.316895 0.000000 0.000000 0.000000 -36973140302885665537819410432.000000 -36973140302885665537819410432.000000 -36973140302885665537819410432.000000 0.000000 0.000000 0.000000 
timestamp: 859124
float val: 964.094360 1123.170410 883.791443 0.000000 0.000000 0.000000 816.369629 1112.515503 719.316650 0.000000 0.000000 0.000000 -36973140302885665537819410432.000000 -36973140302885665537819410432.000000 -36973140302885665537819410432.000000 0.000000 0.000000 0.000000 
timestamp: 859125
float val: 964.099548 1123.183105 883.799133 0.000000 0.000000 0.000000 816.369446 1112.521851 719.322083 0.000000 0.000000 0.000000 -36973140302885665537819410432.000000 -36973140302885665537819410432.000000 -36973140302885665537819410432.000000 0.000000 0.000000 0.000000 
timestamp: 859126
float val: 964.104675 1123.195679 883.795532 0.000000 0.000000 0.000000 816.369263 1112.534546 719.322449 0.000000 0.000000 0.000000 -36973140302885665537819410432.000000 -36973140302885665537819410432.000000 -36973140302885665537819410432.000000 0.000000 0.000000 0.000000 
